ROI	voxels	volume_mm3	T1_mean	T1_std	T1_min	T1_max	T1_CoV	T1_nulls
0	30110	30.11	0.2520092	0.1549047	2.376584e-13	1.13669	0.6146786	3074899
1	808	0.808	0.5192181	0.09247681	0.1972496	0.8345371	0.1781078	0
2	309	0.309	0.6400825	0.07496654	0.4229133	0.9228237	0.1171201	0
3	832	0.832	0.5818526	0.06181813	0.388791	0.7887447	0.1062436	0
4	236	0.236	0.6847764	0.07829194	0.3994463	0.8862913	0.1143321	0
5	180	0.18	0.6587715	0.05846179	0.4267188	0.8181736	0.08874366	0
6	96	0.096	0.6458086	0.0839671	0.09120416	0.7963557	0.1300185	0
7	600	0.6	0.7113566	0.07081846	0.4753018	0.9107731	0.0995541	0
8	1593	1.593	0.6359701	0.1409586	0.09323373	0.9506036	0.2216435	14
9	1162	1.162	0.502703	0.05216703	0.2436762	0.7182169	0.1037731	0
10	582	0.582	0.5296537	0.08758093	0.1827889	0.8583846	0.1653551	3
11	805	0.8050001	0.5814027	0.1184254	0.1706114	0.9668402	0.2036892	7
12	689	0.689	0.4808342	0.05796196	0.2415198	0.6734393	0.1205446	2
13	340	0.34	0.4063667	0.07166727	0.07712396	0.5671402	0.1763611	4
14	476	0.476	0.4652785	0.0581894	0.268158	0.6900565	0.1250636	0
15	3318	3.318	0.4699661	0.0961419	0.07141577	0.7920428	0.204572	45
16	4012	4.012	0.38436	0.07433917	0.04376277	0.8231207	0.1934102	5
17	1547	1.547	0.4554233	0.08235366	0.2076512	0.7661657	0.1808288	0
18	89	0.089	0.7101712	0.06534681	0.5259144	0.8347908	0.09201556	0
19	3494	3.494	0.5606143	0.1077048	0.1224089	0.9063334	0.1921193	13
20	3296	3.296	0.550586	0.1137312	0.1219015	0.8975809	0.2065639	25
21	770	0.77	0.4641009	0.06821071	0.2819845	0.739908	0.1469739	0
22	173	0.173	0.7206602	0.07772222	0.2879464	0.8752555	0.1078486	0
23	35	0.035	0.6856567	0.05775886	0.5662522	0.8394842	0.08423875	0
24	332	0.332	0.6270019	0.07531664	0.3696369	0.9171156	0.1201219	2
25	4642	4.642	0.6172572	0.1320858	0.0918384	1.053351	0.2139883	17
26	646	0.646	0.6322221	0.08321793	0.4317927	0.9686161	0.1316277	0
27	1723	1.723	0.6127067	0.09543153	0.1234237	0.9206673	0.155754	5
28	1349	1.349	0.6664884	0.1206409	0.1723873	1.011237	0.1810097	14
29	1493	1.493	0.4839197	0.06079794	0.303295	0.7149189	0.1256364	0
30	37	0.037	0.6971669	0.06197656	0.5906072	0.8104358	0.08889774	0
31	280	0.28	0.7200257	0.08505063	0.439911	0.984599	0.1181217	0
32	1936	1.936	0.4957683	0.09122981	0.1170813	0.8043471	0.184017	9
33	2920	2.92	0.4362983	0.07570551	0.07775821	0.7542419	0.1735177	8
34	1549	1.549	0.4552937	0.06928973	0.1413094	0.7255741	0.1521869	1
35	285	0.285	0.6795972	0.07650135	0.4168246	0.882359	0.1125687	0
36	979	0.979	0.5884433	0.1044378	0.1083287	1.009081	0.1774814	6
37	2141	2.141	0.5551192	0.1209174	0.1140369	0.8585115	0.2178225	8
38	1350	1.35	0.5479909	0.09138498	0.09944932	0.9460371	0.1667637	0
39	563	0.563	0.6818797	0.0904654	0.2585175	0.9048112	0.1326706	4
40	901	0.901	0.643276	0.0961867	0.2114567	0.9419779	0.1495263	0
41	793	0.793	0.4477198	0.05825574	0.2988554	0.6572027	0.1301165	0
42	2584	2.584	0.3475871	0.08195797	0.06608813	0.6961452	0.2357911	29
43	608	0.608	0.3119373	0.05453714	0.09919562	0.46008	0.1748336	1
44	1238	1.238	0.3345252	0.06403326	0.0873987	0.7305212	0.1914154	1
45	314	0.314	0.3065054	0.05224002	0.1905266	0.4709889	0.1704375	0
46	538	0.538	0.3035353	0.05146105	0.1734021	0.5081556	0.1695389	0
47	4	0.004	0.3963702	0.06898508	0.3412228	0.4869719	0.174042	0
49	915	0.915	0.2698289	0.05642592	3.462226e-07	0.4323001	0.2091174	70
50	9	0.009000001	0.3777552	0.05774511	0.2725977	0.4588115	0.1528638	0
51	14116	14.116	0.5087293	0.1682187	0.1088361	1.27115	0.3306644	0
52	204	0.204	0.3750943	0.06326403	0.1997866	0.5942858	0.1686617	0
53	944	0.9440001	0.4332076	0.06105729	0.2438031	0.6901833	0.1409423	0
54	451	0.451	0.4388025	0.0716274	0.2169112	0.6856168	0.1632338	0
55	698	0.698	0.3740079	0.08642563	0.07763135	0.5791908	0.2310797	0
56	44	0.044	0.4941042	0.06889045	0.3478189	0.6204166	0.1394249	0
57	29031	29.031	0.419364	0.1229388	3.31706e-07	0.9792714	0.2931553	354
58	104	0.104	0.2829322	0.06124165	0.1153057	0.4323001	0.2164534	0
59	5752	5.752	0.3359521	0.07615174	5.063899e-07	0.6655747	0.2266744	26
60	3134	3.134	0.3567211	0.07451236	4.913894e-07	0.709718	0.2088812	2
61	286	0.286	0.3970016	0.05441174	0.2481159	0.5366966	0.1370568	0
62	3641	3.641	0.3789677	0.07188005	0.0730648	0.7260815	0.1896733	0
63	1060	1.06	0.4378884	0.06163915	0.2625766	0.6272665	0.1407645	0
64	11313	11.313	0.4245813	0.07514656	0.1775881	1.04777	0.1769898	0
65	5854	5.854	0.3353555	0.07272221	2.308151e-07	0.6522556	0.2168511	39
66	1835	1.835	0.3586968	0.05362543	0.197757	0.5746242	0.1495007	0
67	308	0.308	0.4248412	0.06602619	0.2451984	0.6385559	0.1554138	0
68	881	0.881	0.3988713	0.06212621	0.1882434	0.5950469	0.155755	0
69	4014	4.014	0.5162854	0.08773834	0.1127684	0.8072646	0.1699415	0
70	274	0.274	0.5482485	0.08814074	0.1134027	0.7593158	0.1607679	0
71	102	0.102	0.3777875	0.0611719	0.1987718	0.5189377	0.1619214	0
72	6074	6.074	0.4141593	0.1002161	0.1009715	1.16853	0.2419748	0
73	1408	1.408	0.4436316	0.05603167	0.2595323	0.6540315	0.1263022	0
74	116	0.116	0.4970313	0.05735866	0.355303	0.6363996	0.1154025	0
75	246	0.246	0.4582417	0.06423649	0.2810965	0.6377949	0.1401804	0
76	435	0.435	0.5091521	0.0712491	0.3258741	0.8412601	0.1399368	0
77	1101	1.101	0.402988	0.05332353	0.2118372	0.5862944	0.1323204	0
78	1333	1.333	0.442796	0.06224264	0.2670164	0.7731423	0.1405673	0
79	119	0.119	0.4396967	0.07367579	0.1964885	0.6313256	0.1675605	0
80	1472	1.472	0.4629481	0.05643093	0.2479891	0.6659552	0.1218947	0
81	5564	5.564	0.6045135	0.122376	0.05771612	1.701547	0.2024371	10
82	3141	3.141	0.5520676	0.09774062	0.08600336	0.8842617	0.1770446	20
83	542	0.5420001	0.3690717	0.05526239	0.1988986	0.5208405	0.1497335	0
84	77	0.07700001	0.4636135	0.06657862	0.3313286	0.6462938	0.143608	0
85	2038	2.038	0.4636968	0.07501966	0.142451	0.9266292	0.161786	0
86	214	0.214	0.4277622	0.07602508	0.2322598	0.6805429	0.1777274	0
87	174	0.174	0.4690717	0.04992512	0.2982211	0.591622	0.1064339	0
88	252	0.252	0.4968192	0.05814787	0.3338656	0.686251	0.1170403	0
89	2975	2.975	0.3418012	0.1325124	0.05961885	0.9173692	0.3876885	0
90	124	0.124	0.3904564	0.1177461	0.1068065	0.6706487	0.3015601	0
91	25700	25.7	0.3711385	0.1050201	4.23403e-07	0.8895894	0.2829673	535
92	249	0.249	0.363779	0.06050826	0.1721336	0.5236311	0.1663325	0
93	274	0.274	0.3780598	0.05717017	0.2259174	0.5469713	0.1512199	0
94	3	0.003	0.419277	0.08481578	0.3219418	0.4773314	0.2022906	0
95	606	0.606	0.3662214	0.05191094	0.2162769	0.5384724	0.1417474	0
96	17	0.017	0.3057798	0.06180801	0.2257905	0.4146681	0.2021324	0
97	215	0.215	0.4546572	0.0570984	0.3214344	0.637668	0.1255856	0
98	401	0.401	0.3730972	0.05285636	0.2356847	0.5477324	0.1416691	0
99	3065	3.065	0.2811543	0.06452459	0.09703919	0.5191914	0.2294988	0
100	1496	1.496	0.3196737	0.0534301	0.1593219	0.4844349	0.1671395	0
101	132	0.132	0.3844369	0.05530875	0.2462132	0.5260412	0.1438695	0
102	67	0.067	0.2887188	0.05268367	0.1689626	0.3849856	0.182474	0
103	253	0.253	0.3567596	0.04926419	0.2147547	0.5032085	0.1380879	0
104	3136	3.136	0.3507673	0.06871564	0.1363623	0.6081123	0.1959009	0
105	220	0.22	0.4031947	0.06003959	0.2511603	0.5568655	0.1489097	0
106	421	0.421	0.3049393	0.05554302	0.1473981	0.4706084	0.1821445	0
107	1088	1.088	0.386999	0.06114879	0.1585608	0.5520452	0.1580076	0
109	283	0.283	0.2747196	0.05923363	0.140802	0.4832929	0.2156149	0
110	495	0.495	0.2956025	0.05690435	0.1098509	0.5082824	0.1925029	2
111	222	0.222	0.3178301	0.05493557	0.161732	0.4504395	0.1728457	0
112	972	0.9720001	0.241239	0.05868874	0.06976674	0.4211374	0.2432805	0
113	1635	1.635	0.3039662	0.05480054	0.1352206	0.4728917	0.180285	0
114	1643	1.643	0.2202971	0.05610853	0.06456595	0.4197421	0.2546948	0
115	1997	1.997	0.3151383	0.05792174	0.1306541	0.5183035	0.1837978	0
116	4428	4.428	0.2205371	0.05915995	2.175081e-07	0.4339489	0.268254	12
117	411	0.411	0.2770068	0.04594861	0.1593219	0.3981778	0.1658754	0
118	227	0.227	0.3462928	0.05175135	0.2000403	0.4907773	0.1494439	0
119	1036	1.036	0.3223866	0.09276529	3.863854e-07	0.6188945	0.2877455	25
120	926	0.9260001	0.4803895	0.1071974	0.1758122	0.8525496	0.2231467	0
121	8811	8.811001	0.5062883	0.1102093	0.1227895	1.001977	0.217681	0
122	50	0.05	0.385252	0.06131521	0.239617	0.5112	0.1591561	0
123	426	0.426	0.4383173	0.07801946	0.2183065	0.6805429	0.1779977	0
124	487	0.487	0.5921619	0.07412763	0.3894253	0.7873494	0.1251814	0
125	436	0.436	0.3422152	0.1109379	0.07395275	0.6440105	0.3241758	6
126	8	0.008	0.4863852	0.07672533	0.3437598	0.579064	0.157746	0
127	1789	1.789	0.4101229	0.05966996	0.176827	0.6178796	0.1454929	0
129	37	0.037	0.3807105	0.08396891	0.2029578	0.5438001	0.2205584	0
131	16	0.016	0.5233933	0.08028756	0.4102285	0.6626572	0.1533982	0
132	3	0.003	0.5087475	0.02256562	0.4879867	0.5327642	0.04435525	0
133	1216	1.216	0.3506893	0.07279731	0.08486173	0.602531	0.2075835	0
134	461	0.461	0.4087152	0.08454685	0.08524227	0.6849825	0.2068601	0
135	1104	1.104	0.2294524	0.05438026	0.06583443	0.4277336	0.2370001	1
136	405	0.405	0.2028989	0.055345	0.06837141	0.3829559	0.2727713	4
137	97	0.097	0.2531036	0.0509903	0.1135295	0.366212	0.2014602	0
138	2	0.002	0.3257473	0.01022529	0.3185169	0.3329776	0.03139026	0
139	11	0.011	0.2504453	0.03042363	0.2146279	0.3224492	0.1214782	0
140	864	0.864	0.2420435	0.08991954	0.04465071	0.5599098	0.3715016	0
141	258	0.258	0.1659856	0.03865146	0.08042203	0.2861704	0.2328603	3
142	99	0.09900001	0.4001754	0.05220955	0.2856631	0.5229968	0.1304667	0
143	687	0.687	0.3533547	0.07586613	0.1435926	0.6350042	0.2147025	0
144	978	0.978	0.2924885	0.06133876	0.09336059	0.5242653	0.2097134	0
145	380	0.38	0.388818	0.06839734	0.219575	0.6097614	0.1759109	0
146	281	0.281	0.256515	0.05750536	0.05314957	0.4123849	0.2241793	0
147	3390	3.39	0.3341893	0.06185563	0.1405483	0.6117909	0.1850916	0
148	3485	3.485	0.3486266	0.1532453	0.08549597	1.066163	0.4395685	0
149	181	0.181	0.4086833	0.08758269	0.1458759	0.6570759	0.2143046	0
151	256	0.256	0.6135173	0.08942359	0.3743303	0.8583846	0.1457556	0
152	531	0.531	0.2838534	0.08045028	0.1145443	0.4756823	0.283422	0
153	488	0.488	0.4875845	0.06173212	0.3213076	0.6868853	0.1266081	0
154	47	0.047	0.4348695	0.1721797	0.08435433	0.8418943	0.3959342	0
155	48	0.048	0.5399734	0.07065553	0.3140772	0.6851094	0.13085	0
156	103	0.103	0.5481743	0.06694716	0.3872688	0.6965258	0.1221275	0
157	406	0.406	0.4383493	0.06452399	0.2453252	0.6549194	0.1471976	0
158	73	0.07300001	0.3951404	0.0624956	0.2526824	0.5304809	0.1581605	0
160	262	0.262	0.4341937	0.05257329	0.2887075	0.5895924	0.1210826	0
161	175	0.175	0.5672528	0.2522532	0.06849825	1.072251	0.4446927	0
162	1020	1.02	0.2636086	0.05904637	0.07801197	0.4276067	0.2239926	0
163	611	0.611	0.3968805	0.05633761	0.1892581	0.571453	0.141951	0
164	44	0.044	0.4310806	0.0479724	0.3270158	0.551411	0.111284	0
165	53	0.053	0.418196	0.05204583	0.270695	0.5214747	0.1244532	0
166	911	0.9110001	0.3387154	0.05429112	0.2039726	0.5043501	0.1602854	0
1001	800	0.8	0.5318979	0.09034452	0.2142473	0.8616827	0.1698531	0
1002	372	0.372	0.6251965	0.09268714	0.2859168	0.8952976	0.1482528	0
1003	909	0.909	0.5727975	0.06590524	0.3106523	0.7624871	0.1150585	0
1004	254	0.254	0.6924141	0.09959113	0.237968	0.9248533	0.1438317	0
1005	248	0.248	0.6791374	0.0589693	0.4945828	0.848871	0.0868297	0
1006	105	0.105	0.7049049	0.07597992	0.4721306	0.8854034	0.1077875	0
1007	646	0.646	0.7176487	0.0752158	0.4525959	0.9547896	0.1048087	0
1008	1383	1.383	0.6873485	0.1353737	0.1309078	1.063245	0.1969505	16
1009	1074	1.074	0.5083653	0.06096698	0.3043098	0.7305212	0.1199275	0
1010	628	0.628	0.6685421	0.1069262	0.182408	0.9753391	0.1599393	0
1011	855	0.855	0.7646184	0.1394552	0.1441005	1.122736	0.1823854	1
1012	713	0.7130001	0.5950097	0.06269037	0.3329776	0.7972431	0.1053603	0
1013	360	0.36	0.4157468	0.0644643	0.1345864	0.6154695	0.1550566	0
1014	313	0.313	0.4904642	0.07285911	0.3423644	0.8000343	0.1485513	0
1015	3226	3.226	0.4883416	0.0898068	1.59006e-06	0.8278141	0.1839016	68
1016	3995	3.995	0.4134927	0.07049936	4.289677e-07	0.6064633	0.1704972	54
1017	1547	1.547	0.436768	0.05566623	0.2359384	0.6719171	0.1274503	0
1018	58	0.058	0.7727333	0.05386578	0.6271396	0.8955513	0.06970812	0
1019	3393	3.393	0.5802525	0.1151367	0.1288782	0.9909415	0.1984252	13
1020	3189	3.189	0.5553575	0.1170269	0.1114999	0.9405825	0.2107235	52
1021	709	0.7090001	0.4971101	0.0895346	0.2199555	0.8214717	0.1801102	0
1022	196	0.196	0.7782028	0.06622393	0.6164843	0.9537748	0.08509855	0
1023	10	0.01	0.7650748	0.05675969	0.6540315	0.8420212	0.07418841	0
1024	418	0.418	0.8742223	0.1253279	0.5223626	1.240072	0.1433593	0
1025	4838	4.838	0.7399547	0.1456287	1.864667e-06	1.15318	0.1968076	30
1026	576	0.576	0.7409383	0.1229197	0.447522	1.082526	0.1658974	0
1027	1518	1.518	0.6718455	0.1246817	0.2091734	1.060835	0.185581	0
1028	1191	1.191	0.6846108	0.1044998	0.210315	0.9584682	0.1526411	6
1029	1279	1.279	0.5215474	0.06886232	0.3036756	0.7944529	0.1320346	0
1030	29	0.029	0.8078288	0.06324185	0.699697	0.945276	0.07828619	0
1031	264	0.264	0.7859156	0.06968525	0.4347102	0.9539016	0.0886676	0
1032	1985	1.985	0.5629915	0.09201678	3.672718e-07	0.9270098	0.1634426	7
1033	2779	2.779	0.4941679	0.08339132	5.153419e-07	0.8628242	0.168751	16
1034	1451	1.451	0.5798648	0.07679565	0.2533167	0.8818515	0.1324372	0
1035	307	0.307	0.7773719	0.06398419	0.5808399	0.966967	0.08230834	0
1036	1001	1.001	0.7136889	0.09133986	3.187861e-06	0.951111	0.1279827	2
1037	2177	2.177	0.6536115	0.1229434	0.1208871	0.9825695	0.1880985	12
1038	1280	1.28	0.7116517	0.09404385	0.2353048	1.076945	0.1321487	0
1039	615	0.615	0.7357812	0.08907449	0.259786	0.9445149	0.1210611	0
1040	863	0.863	0.7129588	0.08794824	0.334373	0.9752122	0.1233567	0
1041	766	0.766	0.4531559	0.05721379	0.3035488	0.6988091	0.1262563	0
1042	2784	2.784	0.4053672	0.09850819	2.603323e-07	0.7374974	0.2430098	31
1043	661	0.661	0.355369	0.05621148	0.1603363	0.530988	0.1581778	3
1044	1359	1.359	0.3966042	0.06755417	0.06824502	0.5883234	0.1703315	1
1045	313	0.313	0.3493926	0.05808661	0.2057485	0.5179228	0.1662503	0
1046	573	0.573	0.3358903	0.05411448	0.1901461	0.5303537	0.1611076	0
1047	69	0.06900001	0.4130981	0.0578573	0.2789401	0.5500156	0.140057	0
1048	1	0.001	0.4366131	0	0.4366131	0.4366131	0	0
1049	1016	1.016	0.2716373	0.07207138	2.117011e-07	0.4623632	0.2653221	82
1050	48	0.048	0.4078607	0.05925853	0.2580105	0.5304809	0.1452911	0
1051	14116	14.116	0.6005567	0.2005894	0.09615126	1.442649	0.3340057	0
1052	172	0.172	0.3990592	0.07482376	0.1765733	0.6952573	0.1875004	0
1053	1020	1.02	0.5280952	0.08027199	0.2908639	0.8340297	0.1520029	0
1054	506	0.506	0.5261447	0.08619218	0.2750078	0.7697175	0.1638184	0
1055	877	0.877	0.4460067	0.09541812	0.1014789	0.6931009	0.2139387	0
1056	24	0.024	0.6164103	0.05890162	0.4749218	0.7333119	0.09555586	0
1057	29865	29.865	0.4295481	0.1190314	3.31464e-07	1.066415	0.2771085	432
1058	125	0.125	0.3015863	0.08340079	0.1024945	0.6232073	0.2765404	0
1059	5681	5.681	0.3516499	0.0754302	5.871994e-07	0.6608813	0.2145037	31
1060	3201	3.201	0.3608603	0.07547546	0.04503245	0.563081	0.2091542	2
1061	285	0.285	0.4300614	0.05674461	0.2912444	0.5679013	0.1319454	0
1062	3705	3.705	0.3879204	0.0709888	0.06963989	0.7344535	0.1829984	0
1063	985	0.9850001	0.4670832	0.06007302	0.29746	0.6311988	0.1286131	0
1064	10749	10.749	0.4473516	0.06685369	0.1638884	0.8364398	0.1494433	0
1065	6135	6.135	0.3435258	0.0848109	2.26702e-07	0.8278141	0.2468836	35
1066	1946	1.946	0.3709167	0.05268758	0.1996597	0.5349206	0.1420469	0
1067	310	0.31	0.4411431	0.06801609	0.2482428	0.6617693	0.1541815	0
1068	1029	1.029	0.4140847	0.06189251	0.2259174	0.6279007	0.1494682	0
1069	4354	4.354	0.5491819	0.09739736	0.06989359	0.8892089	0.1773499	0
1070	324	0.324	0.5937563	0.08771531	0.31839	0.9437538	0.1477295	0
1071	117	0.117	0.3973289	0.07975809	0.221224	0.7310286	0.2007357	0
1072	5963	5.963	0.4309814	0.09345105	0.0693862	1.038383	0.2168331	0
1073	950	0.95	0.481191	0.05912055	0.2992359	0.6437567	0.1228629	0
1074	143	0.143	0.5175051	0.05882273	0.3782626	0.7085764	0.113666	0
1075	272	0.272	0.5004948	0.07202517	0.186848	0.7454894	0.1439079	0
1076	452	0.452	0.5543623	0.08055767	0.2412661	0.9187646	0.1453159	0
1077	940	0.9400001	0.4407114	0.05775357	0.2856631	0.6346232	0.1310462	0
1078	1006	1.006	0.4840676	0.06367365	0.2873126	0.72735	0.1315387	0
1079	137	0.137	0.4790786	0.08686866	0.1749252	0.7051515	0.1813244	0
1080	1481	1.481	0.4898333	0.05714906	0.2784327	0.7045172	0.1166704	0
1081	4921	4.921	0.6484014	0.1276281	0.07864615	1.324934	0.1968351	12
1082	2662	2.662	0.6054978	0.1009856	0.09044307	0.8898431	0.1667812	23
1083	580	0.58	0.4030487	0.06248821	0.2189407	0.7224029	0.1550388	0
1084	72	0.072	0.470848	0.05653489	0.3665925	0.6261248	0.1200703	0
1085	2174	2.174	0.5023013	0.07844057	0.08676629	0.9027817	0.1561624	0
1086	161	0.161	0.4345669	0.07340614	0.2370801	0.6986822	0.168918	0
1087	245	0.245	0.5238219	0.06288625	0.370398	0.8431628	0.1200527	0
1088	268	0.268	0.5523856	0.05934746	0.3868883	0.7183437	0.1074385	0
1089	3108	3.108	0.3636038	0.136656	0.05175431	0.8361861	0.3758378	0
1090	79	0.079	0.4404763	0.1024658	0.1858332	0.6407124	0.2326251	0
1091	24836	24.836	0.4138504	0.1213932	3.35819e-07	0.9084898	0.2933263	565
1092	223	0.223	0.4281617	0.05839487	0.2417735	0.5866747	0.1363851	0
1093	260	0.26	0.4275701	0.05636366	0.2190676	0.5907333	0.1318232	0
1094	1	0.001	0.4574161	0	0.4574161	0.4574161	0	0
1095	586	0.586	0.388369	0.05524856	0.2241415	0.5632079	0.1422579	0
1096	15	0.015	0.2925383	0.05638028	0.175179	0.3715396	0.1927278	0
1097	224	0.224	0.4961328	0.06025262	0.3414765	0.6783864	0.1214445	0
1098	391	0.391	0.4097519	0.05364062	0.2380949	0.5808399	0.13091	0
1099	2748	2.748	0.3034195	0.07181531	0.0738259	0.5438001	0.2366865	0
1100	1560	1.56	0.3275364	0.05604695	0.1515841	0.5297198	0.1711167	0
1101	144	0.144	0.4250248	0.05810557	0.312555	0.5822352	0.136711	0
1102	58	0.058	0.3216029	0.04140534	0.2204629	0.4126386	0.1287468	0
1103	135	0.135	0.3744992	0.05183019	0.2487502	0.4980077	0.1383987	0
1104	2948	2.948	0.3718207	0.07261455	0.1391529	0.6358922	0.1952945	0
1105	157	0.157	0.393242	0.0601932	0.200294	0.5571191	0.1530691	0
1106	526	0.526	0.3532517	0.05718279	0.1917951	0.5237579	0.1618755	0
1107	1105	1.105	0.4005111	0.06245032	0.1494277	0.5927636	0.1559266	0
1108	2	0.002	0.4527861	0.02968923	0.4317927	0.4737796	0.06557009	0
1109	305	0.305	0.2985595	0.06262545	8.499512e-07	0.4957244	0.2097587	1
1110	436	0.436	0.3085715	0.06124049	0.1192377	0.5555969	0.1984645	0
1111	212	0.212	0.3228896	0.05882281	0.1585608	0.4621095	0.1821762	0
1112	728	0.728	0.259475	0.05751816	1.798858e-07	0.4260845	0.2216713	5
1113	1501	1.501	0.3171904	0.05626023	0.1487934	0.4793609	0.1773705	0
1114	1460	1.46	0.2322764	0.05833801	0.07687026	0.4420674	0.2511577	0
1115	2140	2.14	0.3359491	0.05687239	0.152726	0.5628273	0.1692887	0
1116	4122	4.122	0.223051	0.05843053	2.499287e-07	0.4647734	0.2619604	0
1117	368	0.368	0.2917593	0.04847631	0.1564043	0.4363593	0.1661517	0
1118	217	0.217	0.3597204	0.05651255	0.1553896	0.5177961	0.1571013	0
1119	976	0.9760001	0.331827	0.1080267	2.09282e-07	0.6972861	0.3255514	48
1120	883	0.883	0.4876963	0.09849412	0.1839305	0.8621901	0.2019579	0
1121	8316	8.316	0.5514175	0.1211905	0.1616051	0.9924636	0.21978	0
1122	36	0.036	0.3633367	0.05390934	0.2704413	0.503589	0.1483729	0
1123	403	0.403	0.4762244	0.08341525	0.2415198	0.8429091	0.1751596	0
1124	430	0.43	0.6120784	0.08208129	0.3688758	0.8497589	0.1341026	0
1125	406	0.406	0.358757	0.1055258	0.09754659	0.702234	0.2941429	17
1126	26	0.026	0.5126635	0.09374758	0.3568252	0.6802891	0.1828638	0
1127	1530	1.53	0.4477714	0.05911066	0.2889612	0.6431225	0.1320108	0
1129	32	0.032	0.3577646	0.09208772	0.1564043	0.493568	0.2573975	0
1131	10	0.01	0.5313054	0.0805719	0.3917086	0.6795281	0.1516489	0
1132	5	0.005	0.5619901	0.05401715	0.4818979	0.6069707	0.09611762	0
1133	1255	1.255	0.3768812	0.0870053	0.06710292	0.7293796	0.2308561	0
1134	451	0.451	0.4580739	0.09269377	0.1037622	0.7636278	0.2023555	0
1135	1045	1.045	0.2508445	0.05760002	0.04693399	0.435725	0.2296244	1
1136	380	0.38	0.2051544	0.05286821	0.08752565	0.3654505	0.2576996	2
1137	119	0.119	0.2890549	0.04648922	0.1687087	0.4050277	0.1608318	0
1139	7	0.007	0.2970251	0.06880216	0.1736558	0.3786431	0.2316375	0
1140	742	0.742	0.2313083	0.09116995	0.06799097	0.5577534	0.394149	0
1141	248	0.248	0.1711654	0.04278451	0.05746237	0.3213074	0.2499601	3
1142	85	0.085	0.4300735	0.0517064	0.2883269	0.5370771	0.1202269	0
1143	593	0.5930001	0.3929047	0.08615968	0.1962348	0.7069274	0.219289	0
1144	919	0.919	0.3285747	0.06807616	0.1187303	0.5613052	0.2071863	0
1145	372	0.372	0.4115767	0.06127651	0.2298497	0.6285349	0.1488823	0
1146	328	0.328	0.2859223	0.0641176	0.09729289	0.4820248	0.2242483	0
1147	3175	3.175	0.3760724	0.06580265	1.202464e-06	0.6643062	0.1749734	0
1148	3667	3.667	0.3704201	0.1505154	0.09818083	1.025191	0.4063369	0
1149	199	0.199	0.4766404	0.1151988	0.2181796	0.7599501	0.2416892	0
1151	212	0.212	0.6576568	0.09152274	0.2143739	0.9229506	0.1391649	0
1152	518	0.518	0.2895267	0.08650164	0.0733185	0.5380918	0.2987691	0
1153	470	0.47	0.5418136	0.05520841	0.3928502	0.6885343	0.1018956	0
1154	21	0.021	0.5983752	0.172901	0.1767001	0.8087868	0.2889508	0
1155	80	0.08000001	0.545503	0.05578431	0.3681147	0.6435031	0.1022621	0
1156	93	0.093	0.5506349	0.06787407	0.3835902	0.7897595	0.1232651	0
1157	385	0.385	0.4704903	0.06083215	0.2402513	0.6454058	0.1292952	0
1158	61	0.061	0.4088248	0.05807743	0.2756421	0.5596561	0.1420595	0
1160	229	0.229	0.4673646	0.05739467	0.3219418	0.6136937	0.1228049	0
1161	143	0.143	0.5825232	0.2149445	0.1146712	1.064641	0.3689887	0
1162	946	0.946	0.2741242	0.06072379	0.08930143	0.4581771	0.2215193	0
1163	832	0.832	0.4149377	0.05764287	0.2015625	0.6894222	0.1389193	0
1164	34	0.034	0.4332627	0.04533951	0.3421107	0.5470981	0.1046467	0
1165	37	0.037	0.4242538	0.05594426	0.2841409	0.5350475	0.1318651	0
1166	970	0.97	0.3610367	0.0543008	0.1626199	0.5791908	0.1504025	0
