ROI	voxels	volume_mm3	T1_mean	T1_std	T1_min	T1_max	T1_CoV	T1_nulls
0	29944	29.944	0.1815569	0.1162401	2.283356e-13	0.8042415	0.6402408	3068232
1	851	0.851	0.2901881	0.04878876	0.08905137	0.4577634	0.1681281	0
2	352	0.352	0.3704865	0.04631597	0.2064741	0.4988729	0.1250139	0
3	877	0.877	0.3233258	0.03660232	0.1926937	0.4425934	0.1132057	0
4	215	0.215	0.4220943	0.04950071	0.2485101	0.5522574	0.1172741	1
5	241	0.241	0.4560735	0.06900001	0.1383828	0.6367925	0.1512914	0
6	109	0.109	0.4942452	0.0399073	0.2983047	0.5815552	0.08074392	0
7	496	0.496	0.4797344	0.04931138	0.2300976	0.6040207	0.1027889	0
8	1650	1.65	0.4685995	0.06172116	0.1777553	0.6249808	0.1317141	34
9	1443	1.443	0.2771126	0.02863704	0.1623537	0.3701017	0.1033408	0
10	710	0.71	0.398937	0.06389136	0.06948091	0.5801656	0.160154	0
11	1028	1.028	0.4052984	0.06247573	0.1003999	0.5522574	0.1541475	0
12	784	0.784	0.3524317	0.03676962	0.2449202	0.4890298	0.1043312	0
13	351	0.351	0.2493082	0.03749408	0.1159173	0.4105164	0.1503925	1
14	423	0.423	0.2720101	0.03038756	0.1893355	0.3975466	0.1117148	0
15	3900	3.9	0.2677284	0.04758457	0.03925671	0.4607742	0.1777345	51
16	3920	3.92	0.2469377	0.03896128	0.06959672	0.3674382	0.1577778	37
17	1512	1.512	0.2599528	0.04350238	0.09704167	0.459732	0.1673472	0
18	102	0.102	0.4714802	0.03550822	0.3908301	0.5721753	0.07531221	0
19	3838	3.838	0.3303616	0.06149633	0.07480778	0.5784286	0.1861486	33
20	3343	3.343	0.321362	0.0660618	0.05662694	0.5470464	0.2055681	87
21	856	0.8560001	0.2623644	0.03416871	0.1322453	0.3802922	0.1302338	0
22	169	0.169	0.4845033	0.05498042	0.2313714	0.5748388	0.1134779	0
23	32	0.032	0.4766933	0.03412718	0.3991678	0.5373191	0.07159149	0
24	341	0.341	0.4187757	0.04386548	0.2102956	0.5625638	0.104747	0
25	5162	5.162	0.3598672	0.05936102	0.07283916	0.6479095	0.1649526	38
26	665	0.665	0.3733899	0.06129349	0.2551107	0.6431617	0.1641541	0
27	1782	1.782	0.3612778	0.05435314	0.1324769	0.5754178	0.1504469	11
28	1498	1.498	0.3884709	0.0529964	0.1450993	0.5531839	0.1364231	11
29	1583	1.583	0.2821727	0.03368758	0.1591113	0.4005575	0.1193864	0
30	38	0.038	0.4732504	0.04756342	0.394999	0.6019363	0.1005037	0
31	294	0.294	0.4776404	0.05374147	0.2908934	0.6354029	0.1125145	0
32	2414	2.414	0.3053406	0.04837652	0.08627214	0.4884508	0.1584346	11
33	3094	3.094	0.2840157	0.04725232	0.06577526	0.4575318	0.1663722	4
34	1535	1.535	0.3597935	0.05277856	0.1140645	0.5597845	0.1466912	6
35	301	0.301	0.467754	0.03697802	0.3247074	0.5780812	0.07905442	0
36	1073	1.073	0.4546272	0.04742441	0.1979048	0.6011257	0.104315	18
37	2213	2.213	0.444976	0.06304402	0.09542045	0.5929038	0.1416796	31
38	1456	1.456	0.4272774	0.04136151	0.2832505	0.5715963	0.09680247	2
39	501	0.501	0.4979359	0.05990919	0.2137696	0.6308867	0.1203151	1
40	859	0.859	0.4954433	0.05790205	0.1944308	0.6748912	0.1168692	2
41	794	0.794	0.2522372	0.02739441	0.1671016	0.3432357	0.1086057	0
42	2494	2.494	0.2885078	0.06509245	0.04481519	0.4828923	0.2256176	22
43	559	0.559	0.2568575	0.04230076	0.0766606	0.4048421	0.1646857	0
44	1134	1.134	0.2962688	0.04091389	0.09322023	0.4248758	0.1380972	10
45	275	0.275	0.2549625	0.03541574	0.1479943	0.3420777	0.1389057	0
46	507	0.507	0.2410698	0.0349446	0.1329401	0.3314238	0.1449564	0
47	5	0.005	0.2418167	0.02794579	0.2047371	0.2805871	0.115566	0
49	942	0.942	0.1601573	0.0479112	7.664323e-08	0.2845243	0.2991509	76
50	14	0.014	0.267121	0.02342726	0.2335717	0.3050212	0.08770281	0
51	14237	14.237	0.3583803	0.09040944	0.07550259	0.7179694	0.2522723	0
52	286	0.286	0.2122601	0.02961068	0.09727328	0.2761866	0.1395019	0
53	999	0.9990001	0.3263367	0.05312004	0.1614273	0.4881034	0.1627768	0
54	511	0.511	0.3457673	0.05207606	0.2144644	0.4881034	0.1506101	0
55	742	0.742	0.2924525	0.04621998	0.05570053	0.4386562	0.1580427	0
56	52	0.052	0.3876211	0.0479425	0.2787343	0.549015	0.1236839	0
57	28810	28.81	0.2431258	0.05569146	9.817843e-08	0.4740914	0.2290644	349
58	111	0.111	0.1936577	0.03675663	0.1092012	0.2791975	0.1898021	0
59	5447	5.447	0.2177189	0.04149224	1.419115e-07	0.3426567	0.1905771	20
60	3187	3.187	0.2167511	0.04110033	0.03995153	0.332582	0.1896199	4
61	272	0.272	0.2546097	0.02986967	0.1603851	0.3374456	0.1173155	0
62	3560	3.56	0.223348	0.03897632	0.03948832	0.361764	0.1745094	0
63	1070	1.07	0.2589805	0.03198842	0.1454467	0.3584057	0.1235167	0
64	10847	10.847	0.2585782	0.03561761	0.124255	0.4141062	0.137744	0
65	6325	6.325	0.2139547	0.04854237	7.918328e-08	0.4006733	0.2268815	13
66	2056	2.056	0.2192362	0.02760352	0.1309715	0.3122009	0.1259077	0
67	276	0.276	0.2525148	0.03654698	0.1608483	0.3760075	0.144732	0
68	896	0.896	0.2466894	0.03108733	0.140583	0.3545842	0.1260181	0
69	3653	3.653	0.3982048	0.06063505	0.1592271	0.6006625	0.152271	0
70	264	0.264	0.3755785	0.05654296	0.1210126	0.489493	0.150549	0
71	92	0.09200001	0.2654662	0.03673432	0.1867878	0.3423093	0.1383766	0
72	6061	6.061	0.2757874	0.05937926	0.1049162	0.6594896	0.2153081	0
73	1606	1.606	0.3048182	0.03267544	0.1950098	0.4219807	0.1071965	0
74	155	0.155	0.3266633	0.03708849	0.200684	0.4042631	0.1135374	0
75	286	0.286	0.3252456	0.03821475	0.2057793	0.4231387	0.1174951	0
76	467	0.467	0.3548128	0.04053424	0.2342665	0.4811553	0.1142412	0
77	1067	1.067	0.2642777	0.03291012	0.1642065	0.3666276	0.1245285	0
78	1206	1.206	0.2886337	0.03886008	0.1794924	0.4502363	0.1346346	0
79	138	0.138	0.3138976	0.04120182	0.1770605	0.4490783	0.1312588	0
80	1556	1.556	0.3129279	0.03536417	0.1775237	0.4435198	0.1130106	0
81	5710	5.71	0.4369617	0.07132952	0.06704908	0.7734383	0.1632397	14
82	2959	2.959	0.4547786	0.08103681	0.06542785	0.6892506	0.1781896	21
83	540	0.54	0.2534131	0.03511832	0.1460257	0.3645432	0.1385813	0
84	61	0.061	0.3173797	0.03527494	0.256153	0.3926829	0.1111443	0
85	1964	1.964	0.3290896	0.04371579	0.1296977	0.5243493	0.1328385	0
86	224	0.224	0.2918627	0.04228152	0.1902619	0.3987046	0.1448678	0
87	199	0.199	0.3624181	0.04260153	0.2417936	0.4887982	0.117548	0
88	273	0.273	0.3849641	0.03523643	0.2891564	0.4933145	0.09153172	0
89	3193	3.193	0.2410651	0.08179408	0.04319397	0.5596687	0.3393029	0
90	127	0.127	0.2749293	0.05733949	0.1140645	0.4358768	0.2085609	0
91	26609	26.609	0.3324288	0.08852582	1.559369e-07	0.6308867	0.2663001	706
92	203	0.203	0.3026516	0.035609	0.2160856	0.3880509	0.1176568	0
93	251	0.251	0.3043702	0.03360542	0.2009156	0.3886299	0.1104097	0
94	2	0.002	0.3200175	0.03561955	0.2948307	0.3452043	0.111305	0
95	553	0.553	0.2982902	0.03499828	0.2074005	0.4285814	0.1173296	0
96	18	0.018	0.1630807	0.04516054	0.06345923	0.2159698	0.2769214	0
97	216	0.216	0.3534964	0.03903919	0.2687753	0.5022312	0.1104373	0
98	383	0.383	0.2862587	0.03446579	0.1961678	0.39442	0.1204008	0
99	2515	2.515	0.2127031	0.03950992	0.1066532	0.3440463	0.1857515	0
100	1285	1.285	0.2468292	0.03528028	0.1404672	0.3714913	0.142934	0
101	140	0.14	0.2949821	0.02976372	0.2108746	0.3755443	0.1009001	0
102	53	0.053	0.2022397	0.03020891	0.1450993	0.290546	0.1493718	0
103	219	0.219	0.2571422	0.03085494	0.1791449	0.365817	0.1199917	0
104	2685	2.685	0.2458296	0.04637524	0.0963469	0.3880509	0.1886479	0
105	195	0.195	0.2863136	0.03833511	0.1945466	0.4097058	0.133892	0
106	353	0.353	0.2201548	0.03803129	0.105148	0.3439305	0.172748	0
107	1051	1.051	0.3019657	0.04194199	0.1872511	0.454521	0.1388965	0
109	252	0.252	0.205928	0.03918474	0.1159173	0.3560897	0.1902837	2
110	523	0.523	0.1992873	0.03813883	0.06924931	0.3037472	0.1913761	0
111	171	0.171	0.2134012	0.03327887	0.1086218	0.3061792	0.1559451	0
112	841	0.841	0.1822002	0.0300921	0.08152419	0.2634483	0.1651596	5
113	1279	1.279	0.2140923	0.03461109	0.1125592	0.3227388	0.1616643	0
114	2052	2.052	0.1770819	0.03995468	0.04921564	0.2965677	0.2256283	3
115	1725	1.725	0.2467591	0.03560036	0.134793	0.4200121	0.1442717	0
116	4289	4.289	0.1757861	0.03524553	1.078969e-07	0.2944833	0.2005024	17
117	416	0.416	0.2232239	0.03027977	0.1417411	0.2993469	0.1356475	0
118	204	0.204	0.2054597	0.02881609	0.1167279	0.290546	0.1402518	0
119	1044	1.044	0.1957165	0.05683867	0.05500572	0.368133	0.2904132	20
120	1172	1.172	0.295923	0.05574238	0.1609641	0.4885666	0.1883679	0
121	8621	8.621	0.3286082	0.07606034	0.09171481	0.6071473	0.2314621	0
122	48	0.048	0.2264498	0.03058551	0.149384	0.2939042	0.1350652	0
123	416	0.416	0.2804495	0.04946099	0.1312031	0.4358769	0.1763633	0
124	479	0.479	0.400195	0.08035631	0.2084427	0.553647	0.2007929	0
125	404	0.404	0.2193933	0.04975017	0.05396351	0.3480994	0.2267625	28
126	9	0.009000001	0.2898254	0.03517368	0.2478153	0.3395301	0.1213616	0
127	1704	1.704	0.2602037	0.03670318	0.1571427	0.4471097	0.1410556	0
129	33	0.033	0.2340629	0.04303744	0.139425	0.3018946	0.1838713	0
131	17	0.017	0.3574248	0.06654781	0.2221073	0.4975991	0.1861869	0
132	8	0.008	0.3136918	0.04013146	0.2460782	0.3699858	0.1279327	0
133	1207	1.207	0.2275119	0.04542071	0.04516259	0.3423093	0.199641	0
134	500	0.5	0.2979408	0.0596018	0.06149061	0.458574	0.2000458	0
135	1009	1.009	0.1748248	0.03750469	0.05627954	0.2988837	0.2145273	1
136	424	0.424	0.1457216	0.0345091	0.05396351	0.2672698	0.2368153	9
137	75	0.075	0.2017988	0.0278779	0.1361826	0.2603218	0.138147	0
138	1	0.001	0.2171278	0	0.2171278	0.2171278	0	0
139	15	0.015	0.181515	0.0301216	0.1338666	0.2512892	0.1659455	0
140	764	0.7640001	0.176826	0.05934663	0.04678377	0.3769339	0.3356217	0
141	315	0.315	0.1259454	0.03020919	0.05048941	0.2278974	0.2398594	7
142	108	0.108	0.2704234	0.03165173	0.1611957	0.3317713	0.1170451	0
143	677	0.677	0.2618028	0.06012954	0.1294662	0.5231913	0.229675	0
144	947	0.947	0.2062717	0.04502638	0.07388137	0.3528472	0.2182868	0
145	357	0.357	0.2987325	0.04316048	0.1778711	0.4464149	0.1444787	0
146	306	0.306	0.2045502	0.04588232	0.07168114	0.3816818	0.2243084	0
147	3470	3.47	0.2854699	0.04527219	0.1520474	0.5476254	0.1585883	0
148	3570	3.57	0.2420119	0.07256349	0.05268969	0.5904719	0.2998344	0
149	224	0.224	0.2322157	0.04141506	0.06936511	0.3449727	0.1783474	0
151	352	0.352	0.4455309	0.04624091	0.2610166	0.5433407	0.1037883	0
152	384	0.384	0.2453185	0.04626359	0.1089692	0.3897879	0.1885858	0
153	464	0.464	0.3552589	0.03325468	0.2351929	0.4589214	0.09360687	0
154	44	0.044	0.321086	0.09101886	0.1667542	0.4656379	0.2834719	0
155	60	0.06	0.3575141	0.04034655	0.2734074	0.4364559	0.112853	0
156	101	0.101	0.3695089	0.04273642	0.2609008	0.4686488	0.1156574	0
157	418	0.418	0.2799961	0.03472605	0.1863246	0.3992836	0.1240234	0
158	71	0.071	0.2826225	0.02861109	0.2215283	0.347752	0.1012343	0
160	254	0.254	0.2897915	0.03245743	0.1915357	0.3900195	0.1120027	0
161	214	0.214	0.374843	0.1267608	0.08337709	0.6736174	0.3381705	0
162	791	0.791	0.2041807	0.03556291	0.1065374	0.3238969	0.1741737	0
163	588	0.588	0.2681634	0.03482389	0.1483417	0.3595637	0.1298607	0
164	35	0.035	0.2704727	0.03577023	0.1708072	0.3478678	0.1322508	0
165	48	0.048	0.2850888	0.03574368	0.2163172	0.3735757	0.1253774	0
166	830	0.83	0.24016	0.03024573	0.1368775	0.3436989	0.1259399	0
1001	965	0.965	0.2951874	0.0511343	0.1064216	0.5402141	0.1732266	0
1002	398	0.398	0.3748861	0.06429812	0.1141803	0.5310658	0.1715137	0
1003	1130	1.13	0.3289262	0.04204188	0.1991786	0.4554474	0.1278155	0
1004	254	0.254	0.4146701	0.04325743	0.2486259	0.5127691	0.1043177	0
1005	279	0.279	0.4856848	0.05795792	0.2750286	0.6218542	0.1193324	0
1006	116	0.116	0.5287238	0.03667295	0.4310133	0.6212751	0.06936127	0
1007	601	0.601	0.4753307	0.05438143	0.2386669	0.6212751	0.1144076	0
1008	1465	1.465	0.5036139	0.06500307	0.1064216	0.6497623	0.1290732	27
1009	1389	1.389	0.2783348	0.02874182	0.1536686	0.3784394	0.1032635	0
1010	603	0.603	0.5517826	0.06407628	0.183777	0.8165165	0.116126	1
1011	885	0.8850001	0.5693027	0.0674489	0.2296344	0.7880293	0.1184763	0
1012	619	0.619	0.48279	0.0610987	0.3345506	0.6651639	0.1265534	0
1013	401	0.401	0.2480825	0.03164803	0.1160331	0.3311923	0.1275706	2
1014	371	0.371	0.2845909	0.03270592	0.2145802	0.4621639	0.1149226	0
1015	4104	4.104	0.2699922	0.048638	0.02952939	0.4557948	0.1801459	45
1016	3832	3.832	0.2688813	0.04388453	6.780828e-07	0.4274229	0.1632115	55
1017	1843	1.843	0.252322	0.03039169	0.1261079	0.4231387	0.120448	0
1018	65	0.06500001	0.540884	0.03700139	0.4706174	0.6416562	0.06840912	0
1019	3687	3.687	0.3521843	0.06963525	0.06137481	0.5888507	0.1977239	24
1020	3438	3.438	0.323438	0.07030696	0.04689962	0.5675433	0.2173738	95
1021	762	0.762	0.2721688	0.04274951	0.1471837	0.4194331	0.1570698	0
1022	223	0.223	0.5238788	0.04590278	0.2822083	0.6209278	0.087621	0
1023	7	0.007	0.5538124	0.02516846	0.5231913	0.5857241	0.04544581	0
1024	413	0.413	0.5645832	0.06090865	0.3806396	0.7443722	0.1078825	0
1025	4429	4.429	0.4572937	0.08396797	1.863292e-06	0.7302444	0.1836194	17
1026	666	0.666	0.4434789	0.06745525	0.2618272	0.6496465	0.1521048	0
1027	1727	1.727	0.415118	0.06836556	0.1609641	0.6746597	0.1646894	8
1028	1288	1.288	0.4375701	0.06236508	0.1266869	0.5865347	0.1425259	7
1029	1624	1.624	0.3107951	0.03914393	0.1350246	0.4665643	0.1259477	0
1030	33	0.033	0.5051087	0.03886594	0.4332135	0.5823658	0.07694568	0
1031	292	0.292	0.5236481	0.03570999	0.4060001	0.6385296	0.06819464	0
1032	2294	2.294	0.3612581	0.06030697	1.224525e-06	0.6982831	0.166936	11
1033	2805	2.805	0.3446351	0.06489412	1.146335e-06	0.6882084	0.1882981	32
1034	1352	1.352	0.4971921	0.07831892	0.2052003	0.7031468	0.1575225	4
1035	356	0.356	0.5523453	0.03956604	0.4493099	0.6810287	0.0716328	0
1036	1048	1.048	0.5596671	0.05169569	0.2105272	0.7360345	0.09236865	4
1037	2094	2.094	0.52521	0.07756502	0.03277183	0.6853134	0.1476838	5
1038	1363	1.363	0.5678614	0.06448916	0.1829664	0.8081788	0.113565	0
1039	641	0.641	0.5483983	0.04783137	0.2610166	0.7026836	0.08722013	0
1040	855	0.855	0.5343827	0.05133349	0.1669858	0.6791759	0.09606128	0
1041	939	0.9390001	0.2537984	0.03010556	0.1574901	0.365817	0.11862	0
1042	2647	2.647	0.3599756	0.09251799	5.842114e-07	0.6442038	0.2570118	36
1043	716	0.716	0.2765776	0.04002352	0.1525106	0.4388877	0.1447099	0
1044	1380	1.38	0.3349053	0.0479976	0.07932404	0.4879873	0.1433169	6
1045	321	0.321	0.2887582	0.04389786	0.167449	0.4306659	0.1520229	0
1046	652	0.652	0.2584843	0.03755393	0.1585323	0.3921035	0.1452852	0
1047	72	0.072	0.23564	0.02521574	0.1833138	0.3011998	0.1070096	0
1049	983	0.983	0.1599801	0.04943383	1.231372e-07	0.3020104	0.3089999	98
1050	56	0.056	0.2857961	0.0345834	0.2002208	0.3572477	0.1210073	0
1051	14552	14.552	0.4151529	0.1034043	0.07747122	0.7919666	0.2490752	0
1052	222	0.222	0.2152709	0.02993596	0.1058426	0.3058318	0.1390618	0
1053	954	0.9540001	0.4260612	0.07955385	0.2679647	0.6369084	0.1867193	0
1054	665	0.665	0.4304202	0.06340792	0.2372773	0.6039049	0.1473163	0
1055	737	0.737	0.3693247	0.07550649	0.06577526	0.5714805	0.2044448	2
1056	41	0.041	0.4622203	0.05457802	0.3420777	0.5770389	0.1180779	0
1057	29943	29.943	0.246732	0.05543801	1.370522e-07	0.4716596	0.2246892	371
1058	106	0.106	0.2294634	0.0317699	0.1544792	0.3141695	0.138453	1
1059	5534	5.534	0.2282989	0.0428798	1.316408e-07	0.3587531	0.1878231	22
1060	3347	3.347	0.221811	0.04261525	0.04261496	0.336635	0.1921241	0
1061	320	0.32	0.2770215	0.03106139	0.1974416	0.3614165	0.1121263	0
1062	3757	3.757	0.2297647	0.03999104	0.0609116	0.3790184	0.1740521	0
1063	922	0.9220001	0.2742443	0.03029576	0.1851666	0.3703333	0.11047	0
1064	10809	10.809	0.2777205	0.04463873	0.1466047	0.5140429	0.1607326	0
1065	6641	6.641	0.2202042	0.05684892	1.066821e-07	0.3997468	0.2581646	6
1066	2316	2.316	0.2230472	0.02797878	0.1259921	0.3267919	0.1254388	0
1067	291	0.291	0.2567749	0.03928039	0.165712	0.4063475	0.152976	0
1068	1106	1.106	0.2551937	0.03168208	0.166986	0.3565529	0.1241491	0
1069	4059	4.059	0.4198092	0.06241667	0.1928095	0.6103898	0.1486787	0
1070	357	0.357	0.4153837	0.05991762	0.2332243	0.6020521	0.1442464	0
1071	112	0.112	0.2829176	0.04502726	0.183777	0.3749653	0.1591533	0
1072	6156	6.156	0.2876336	0.0602959	0.09565205	0.6547418	0.2096274	0
1073	1004	1.004	0.3276868	0.03707618	0.1829664	0.4388877	0.1131452	0
1074	135	0.135	0.3624784	0.04308922	0.2536053	0.5077897	0.1188739	0
1075	296	0.296	0.372339	0.03638229	0.2214125	0.4781445	0.09771281	0
1076	420	0.42	0.3898866	0.04400796	0.2284764	0.5076739	0.1128737	0
1077	807	0.807	0.2923174	0.03774378	0.1881775	0.4137588	0.1291192	0
1078	969	0.969	0.3204908	0.04805943	0.1879459	0.4766391	0.1499557	0
1079	160	0.16	0.3529841	0.04705761	0.2077479	0.4505837	0.1333137	0
1080	1560	1.56	0.3303225	0.03671652	0.2206019	0.4566054	0.1111536	0
1081	4750	4.75	0.4621468	0.07613149	0.05836397	0.7268862	0.1647344	8
1082	2420	2.42	0.5010453	0.0805911	0.06901771	0.7496991	0.1608459	18
1083	613	0.613	0.2760187	0.03699594	0.1615433	0.4200121	0.1340342	0
1084	61	0.061	0.32212	0.03421467	0.2333401	0.3966202	0.1062172	0
1085	2105	2.105	0.3626491	0.05004508	0.1489208	0.5491308	0.1379986	0
1086	151	0.151	0.2849768	0.03487726	0.1819242	0.3683646	0.1223863	0
1087	264	0.264	0.4171483	0.03720266	0.2746812	0.5145062	0.08918328	0
1088	294	0.294	0.4340185	0.04117161	0.3110429	0.5383613	0.09486141	0
1089	3357	3.357	0.255788	0.08556716	0.04794183	0.5387087	0.3345238	0
1090	80	0.08000001	0.2656285	0.06772193	0.09634686	0.3767023	0.2549498	0
1091	25961	25.961	0.3766682	0.1042088	6.091701e-07	0.7091685	0.2766594	727
1092	191	0.191	0.3639126	0.03592126	0.2804713	0.4535946	0.09870848	0
1093	238	0.238	0.3499094	0.03626911	0.2289396	0.4520891	0.1036529	0
1095	485	0.485	0.3270375	0.0379271	0.2075163	0.4611216	0.1159717	0
1096	16	0.016	0.2080953	0.02656256	0.1672174	0.2565004	0.1276461	0
1097	215	0.215	0.3936621	0.041996	0.2822083	0.5333818	0.1066803	0
1098	395	0.395	0.3171978	0.03313372	0.2241917	0.4099374	0.1044576	0
1099	2596	2.596	0.230802	0.04646229	0.06068032	0.3758917	0.201308	0
1100	1354	1.354	0.2558982	0.03720808	0.1494998	0.3790184	0.1454019	0
1101	142	0.142	0.3256029	0.02977508	0.261364	0.4021787	0.091446	0
1102	58	0.058	0.2367203	0.02619726	0.1572585	0.287072	0.1106675	0
1103	121	0.121	0.2763416	0.02849427	0.2021894	0.350068	0.1031125	0
1104	2753	2.753	0.2624203	0.04940043	0.08511417	0.4029893	0.1882493	0
1105	181	0.181	0.2793594	0.03411781	0.1864405	0.3814502	0.1221287	0
1106	422	0.422	0.2647471	0.04280138	0.1437099	0.3688278	0.1616689	0
1107	987	0.987	0.3162798	0.04586187	0.184356	0.4951673	0.1450041	0
1108	1	0.001	0.4280024	0	0.4280024	0.4280024	0	0
1109	284	0.284	0.2360806	0.04698156	0.1337508	0.3829554	0.1990064	0
1110	442	0.442	0.2023458	0.03798863	0.06959672	0.3079163	0.1877411	0
1111	177	0.177	0.2231116	0.03455022	0.1381512	0.3398775	0.1548562	0
1112	794	0.794	0.1900592	0.03166297	0.08766175	0.2842927	0.1665953	3
1113	1194	1.194	0.2275412	0.03551681	0.1101272	0.3211176	0.1560896	0
1114	1853	1.853	0.1870987	0.03962926	0.0532687	0.3333926	0.2118094	4
1115	1928	1.928	0.2739947	0.03616233	0.1688386	0.425918	0.1319819	0
1116	4003	4.003	0.1791949	0.0375174	0.0689019	0.3169488	0.2093665	0
1117	365	0.365	0.2387449	0.03319188	0.1299293	0.3405723	0.1390265	0
1118	199	0.199	0.2069437	0.02769926	0.1413937	0.2769972	0.1338493	0
1119	1023	1.023	0.2083222	0.07262022	0.05558481	0.4223281	0.3485957	15
1120	1005	1.005	0.3106062	0.0601869	0.1288871	0.5302551	0.1937723	0
1121	8437	8.437	0.3656153	0.09165923	0.1593429	0.6653956	0.2506985	0
1122	44	0.044	0.2278685	0.02989572	0.1598061	0.2878826	0.1311973	0
1123	467	0.467	0.3088156	0.05078885	0.1768289	0.4783761	0.1644633	0
1124	449	0.449	0.4081901	0.085252	0.2261604	0.6058735	0.2088537	0
1125	392	0.392	0.2196621	0.05487488	5.053594e-07	0.3707965	0.2498149	26
1126	19	0.019	0.2816476	0.03588411	0.1963994	0.3505312	0.1274078	0
1127	1616	1.616	0.2855933	0.03965061	0.1701124	0.4427092	0.138836	0
1129	42	0.042	0.2318126	0.0520395	0.1071164	0.3355928	0.2244896	0
1131	13	0.013	0.3726582	0.06165534	0.2560371	0.47027	0.1654474	0
1132	4	0.004	0.3623719	0.02227595	0.3397616	0.3890931	0.06147261	0
1133	1234	1.234	0.2506908	0.04888534	0.04562608	0.3785549	0.1950025	0
1134	442	0.442	0.3361649	0.06675559	0.07828183	0.4818501	0.1985799	0
1135	990	0.9900001	0.1918125	0.0428078	0.06334343	0.3948832	0.2231753	0
1136	381	0.381	0.1447238	0.03264225	0.04909984	0.2280132	0.2255486	5
1137	94	0.094	0.2219386	0.0325253	0.1424359	0.2956413	0.1465509	0
1138	1	0.001	0.1908409	0	0.1908409	0.1908409	0	0
1139	11	0.011	0.1948413	0.03166185	0.1177701	0.242141	0.1625007	0
1140	708	0.708	0.1772746	0.0563368	0.07619741	0.3499522	0.317794	2
1141	331	0.331	0.1272765	0.03286948	0.0457416	0.2165488	0.2582525	5
1142	88	0.08800001	0.2982403	0.03027742	0.2302134	0.350068	0.1015202	0
1143	639	0.6390001	0.2936682	0.06616277	0.1467205	0.4926197	0.2252977	0
1144	914	0.914	0.2378696	0.05066264	0.09368343	0.40959	0.2129849	0
1145	397	0.397	0.3207282	0.04619795	0.2041581	0.5330344	0.1440408	0
1146	279	0.279	0.2392252	0.04714215	0.0837245	0.4073897	0.1970618	0
1147	3231	3.231	0.323308	0.04838505	0.1727759	0.5638376	0.1496562	0
1148	3970	3.97	0.2695743	0.089235	0.09379923	0.6233596	0.3310219	0
1149	230	0.23	0.248705	0.04550622	0.1232128	0.3904827	0.1829727	0
1151	284	0.284	0.5134293	0.04527811	0.3625745	0.6604161	0.08818763	0
1152	357	0.357	0.2613741	0.04840043	0.1141803	0.4021787	0.1851768	0
1153	460	0.46	0.4021736	0.03819098	0.3007365	0.580513	0.09496143	0
1154	47	0.047	0.3438862	0.1163664	0.08661953	0.5419511	0.3383863	0
1155	79	0.079	0.3783793	0.03913952	0.274218	0.4637851	0.1034399	0
1156	107	0.107	0.4024103	0.05112629	0.2973783	0.5339608	0.1270502	0
1157	377	0.377	0.2918747	0.03484176	0.1874827	0.4190857	0.1193723	0
1158	73	0.07300001	0.2905699	0.02978963	0.211801	0.3738073	0.1025214	0
1160	263	0.263	0.3189868	0.03568613	0.2157382	0.4304343	0.1118734	0
1161	180	0.18	0.4037304	0.1286107	0.09379923	0.7138005	0.318556	0
1162	858	0.858	0.21127	0.03726862	0.0866195	0.3131272	0.1764028	0
1163	858	0.858	0.2740704	0.03321021	0.1435939	0.3723019	0.121174	0
1164	40	0.04	0.2940634	0.03083864	0.2273184	0.353542	0.1048707	0
1165	33	0.033	0.2706316	0.03328422	0.1924621	0.3387195	0.1229872	0
1166	845	0.845	0.2513356	0.03170918	0.1676806	0.362343	0.1261627	0
