ROI	voxels	volume_mm3	T1_mean	T1_std	T1_min	T1_max	T1_CoV	T1_nulls
0	28719	28.719	0.205775	0.137023	5.795795e-13	0.8022577	0.6658873	3091516
1	799	0.799	0.3624936	0.05756762	0.07872404	0.531947	0.15881	0
2	326	0.326	0.4939749	0.06426228	0.1442963	0.6418248	0.1300922	0
3	722	0.7220001	0.4059473	0.03810077	0.2951219	0.5300815	0.09385644	0
4	192	0.192	0.5131366	0.05143954	0.3135903	0.6285798	0.1002453	1
5	155	0.155	0.5639343	0.05255655	0.2855146	0.7001216	0.09319623	0
6	97	0.097	0.5453265	0.03454446	0.4798995	0.6299789	0.06334637	0
7	511	0.511	0.5502218	0.05106197	0.2694713	0.6644906	0.09280251	0
8	1482	1.482	0.5022479	0.09189954	0.1636042	0.7366854	0.1829765	29
9	1254	1.254	0.3501409	0.03326103	0.1751703	0.4332621	0.09499328	1
10	729	0.729	0.4227472	0.05856713	0.08161557	0.5991982	0.1385394	5
11	870	0.8700001	0.4478695	0.05650686	0.1795542	0.6115105	0.1261681	18
12	783	0.7830001	0.3763542	0.04682726	0.1731183	0.5382896	0.1244234	0
13	398	0.398	0.2740174	0.04098419	0.09392786	0.3528591	0.1495678	4
14	474	0.474	0.3287775	0.03580936	0.2483912	0.4414703	0.1089167	0
15	4133	4.133	0.3305525	0.06395439	0.06118836	0.5088148	0.1934773	39
16	3927	3.927	0.2725686	0.04952766	0.03096728	0.3981907	0.1817071	42
17	1748	1.748	0.3071038	0.03956729	0.1580077	0.435967	0.1288401	0
18	100	0.1	0.5646379	0.04445712	0.4031343	0.6584278	0.07873563	0
19	3584	3.584	0.4203938	0.07455546	0.1289992	0.6445298	0.1773467	41
20	2990	2.99	0.4104109	0.07875431	0.1086653	0.6699938	0.1918914	88
21	843	0.8430001	0.3194459	0.03941105	0.1875759	0.4239346	0.1233732	0
22	181	0.181	0.5512394	0.05661273	0.2765602	0.6538573	0.1027008	0
23	29	0.029	0.5390005	0.027884	0.4839104	0.5844607	0.0517328	0
24	289	0.289	0.4977981	0.04115806	0.3595749	0.6001309	0.08268023	0
25	4302	4.302	0.4465183	0.06214153	0.1356218	0.6195321	0.1391691	56
26	545	0.545	0.4672902	0.05367061	0.3334579	0.6213976	0.114855	0
27	1560	1.56	0.4463453	0.0618961	0.2019402	0.6328704	0.1386731	8
28	1269	1.269	0.4869983	0.06473507	0.2101484	0.6581479	0.1329267	12
29	1579	1.579	0.3503668	0.04341043	0.1834718	0.4938908	0.1239	0
30	34	0.034	0.5410577	0.02792752	0.4723442	0.5873523	0.05161652	0
31	276	0.276	0.5385438	0.05253913	0.3206792	0.6669158	0.09755776	0
32	2231	2.231	0.3792911	0.05033152	0.1238691	0.5487365	0.1326989	15
33	3112	3.112	0.3323456	0.0584964	0.06314713	0.5162768	0.1760108	5
34	1685	1.685	0.3573574	0.04733254	0.1124896	0.5230858	0.1324515	3
35	252	0.252	0.5397305	0.03265271	0.4548086	0.6502196	0.06049817	1
36	1023	1.023	0.4899194	0.05152672	0.233747	0.6437836	0.1051739	18
37	2115	2.115	0.4558774	0.08487069	0.08413399	0.6674754	0.18617	38
38	1451	1.451	0.4499666	0.05880548	0.2023133	0.6579614	0.1306886	1
39	510	0.5100001	0.5514953	0.06274406	0.2713368	0.7119676	0.1137708	5
40	872	0.872	0.5239894	0.06137206	0.2818768	0.6874362	0.1171246	5
41	848	0.848	0.3047	0.02947271	0.2291765	0.4014553	0.09672697	0
42	2664	2.664	0.2454513	0.05804778	0.02714301	0.4187112	0.236494	11
43	613	0.613	0.2311985	0.03947354	0.1237758	0.3383082	0.1707345	0
44	1275	1.275	0.2519945	0.04368736	0.05391291	0.3857851	0.1733663	0
45	297	0.297	0.2154129	0.03834957	0.1295589	0.3382149	0.1780282	0
46	570	0.5700001	0.2005407	0.03305916	0.09849841	0.309393	0.1648501	0
47	4	0.004	0.296451	0.01469633	0.277866	0.3129374	0.04957422	0
49	922	0.9220001	0.1759393	0.04882906	1.355658e-07	0.2948421	0.2775336	91
50	6	0.006	0.3065481	0.01766999	0.2809441	0.3310327	0.05764183	0
51	13725	13.725	0.3858547	0.1095683	0.1042814	0.7375249	0.2839627	0
52	298	0.298	0.2688992	0.03675272	0.09961763	0.3845725	0.1366784	0
53	933	0.933	0.3275319	0.03920563	0.2011008	0.4417501	0.1197002	0
54	549	0.549	0.3135283	0.05187641	0.1443896	0.4282252	0.1654601	0
55	648	0.648	0.2805623	0.05526176	0.03712342	0.405093	0.1969679	1
56	60	0.06	0.3670711	0.03537383	0.2679789	0.4507045	0.0963678	0
57	28603	28.603	0.2750368	0.07484061	1.860916e-07	0.5756929	0.2721112	474
58	106	0.106	0.1896552	0.03117795	0.1108106	0.263595	0.1643928	0
59	4761	4.761	0.2463626	0.04600306	0.04934244	0.4032275	0.1867291	30
60	3135	3.135	0.2404123	0.05268303	0.04514507	0.3869044	0.2191361	0
61	241	0.241	0.3075843	0.04102029	0.153344	0.4006158	0.1333628	0
62	3753	3.753	0.2687045	0.05744898	0.05475264	0.450891	0.2137999	0
63	1084	1.084	0.3205227	0.03766567	0.2050183	0.4414703	0.1175133	0
64	10728	10.728	0.3099551	0.0387678	0.1641639	0.4468802	0.1250755	0
65	6125	6.125	0.2271446	0.06365573	3.273504e-07	0.4290647	0.2802432	14
66	2030	2.03	0.2544775	0.03047242	0.1246153	0.3777635	0.119745	0
67	298	0.298	0.318898	0.0398243	0.2285236	0.4522901	0.124881	0
68	1021	1.021	0.2787792	0.03113578	0.1542767	0.3745921	0.1116861	0
69	3487	3.487	0.3953998	0.05540417	0.1960639	0.5702829	0.1401219	0
70	254	0.254	0.4123663	0.04903582	0.1851507	0.5283092	0.1189133	0
71	101	0.101	0.3087234	0.05489873	0.1700402	0.4382056	0.177825	0
72	5678	5.678	0.3392929	0.05422935	0.1454156	0.6029292	0.1598305	0
73	1459	1.459	0.3619395	0.03456094	0.2403695	0.4738367	0.09548818	0
74	136	0.136	0.3865053	0.04098468	0.2428879	0.5247648	0.1060391	0
75	262	0.262	0.3669065	0.04102369	0.2784257	0.4873615	0.1118097	0
76	463	0.463	0.3985835	0.03539979	0.2939093	0.5220598	0.08881401	0
77	846	0.846	0.3113379	0.03513726	0.1891616	0.4257068	0.1128589	0
78	1200	1.2	0.3393853	0.03583765	0.2365452	0.4890405	0.1055958	0
79	139	0.139	0.3465215	0.04248992	0.2645277	0.4628302	0.1226184	0
80	1481	1.481	0.3510663	0.0344566	0.2141593	0.4885741	0.09814844	0
81	4692	4.692	0.4607956	0.06843556	0.05531203	0.6871564	0.1485161	33
82	2888	2.888	0.3958351	0.05867922	0.125175	0.5897774	0.1482416	18
83	541	0.541	0.2775095	0.03492318	0.1822592	0.4069585	0.125845	0
84	56	0.056	0.3399205	0.03055917	0.269378	0.4080778	0.08990094	0
85	1997	1.997	0.3489105	0.04722605	0.1576346	0.5655259	0.1353529	0
86	218	0.218	0.330592	0.05016283	0.2306689	0.4676805	0.1517364	0
87	199	0.199	0.3478297	0.0338694	0.2261917	0.4308369	0.09737349	0
88	282	0.282	0.3769048	0.02884408	0.2970807	0.467494	0.07652884	0
89	2832	2.832	0.2427266	0.1088083	0.0259305	0.5530271	0.4482754	3
90	103	0.103	0.3155409	0.04604903	0.1873893	0.4160062	0.1459368	0
91	25977	25.977	0.2419838	0.07244533	2.805606e-07	0.588285	0.2993809	681
92	173	0.173	0.2349304	0.03632697	0.1536238	0.3563102	0.1546287	0
93	211	0.211	0.2371381	0.03298897	0.1567952	0.311445	0.1391129	0
94	3	0.003	0.2375402	0.02046153	0.217797	0.2586514	0.08613925	0
95	510	0.5100001	0.2435962	0.02883257	0.1689209	0.332152	0.1183622	0
96	17	0.017	0.1608773	0.03647378	0.07947024	0.2203155	0.226718	0
97	194	0.194	0.3358995	0.0330256	0.2502567	0.4165658	0.0983199	0
98	386	0.386	0.2724124	0.03720478	0.1773157	0.3938068	0.1365752	0
99	2420	2.42	0.1748047	0.0481161	0.03516465	0.3312193	0.2752563	0
100	1174	1.174	0.2130638	0.03197203	0.09952436	0.3238506	0.1500585	0
101	140	0.14	0.2937254	0.02637319	0.2265648	0.3634924	0.0897886	0
102	50	0.05	0.1975227	0.02334253	0.1504525	0.2576254	0.1181764	0
103	167	0.167	0.2515396	0.02721702	0.1607127	0.318907	0.1082017	0
104	2832	2.832	0.2514813	0.05368114	0.09224891	0.3960454	0.2134598	0
105	188	0.188	0.3002887	0.03802976	0.2127601	0.4001495	0.126644	0
106	319	0.319	0.2047695	0.0347705	0.1205112	0.3245035	0.1698032	0
107	1043	1.043	0.2835883	0.03571875	0.1649101	0.3943664	0.1259528	0
108	1	0.001	0.3705813	0	0.3705813	0.3705813	0	0
109	246	0.246	0.1588031	0.036301	2.684629e-07	0.2530549	0.2285913	3
110	570	0.5700001	0.2102982	0.05602052	0.05978923	0.4341015	0.2663861	1
111	192	0.192	0.2117749	0.03498349	0.1298387	0.3111652	0.1651919	0
112	897	0.897	0.1639857	0.03375152	0.06687806	0.3058483	0.2058198	0
113	1375	1.375	0.2018542	0.0378099	0.07984334	0.3191868	0.1873129	0
114	1429	1.429	0.1222998	0.03052504	2.515617e-07	0.2378511	0.2495919	47
115	1594	1.594	0.2071407	0.03957485	0.0985916	0.3449307	0.191053	0
116	3963	3.963	0.1417661	0.03429243	9.544754e-08	0.2699377	0.2418944	6
117	239	0.239	0.167331	0.02828396	0.08030972	0.2527751	0.16903	0
118	187	0.187	0.2573167	0.02891233	0.182539	0.3404535	0.1123609	0
119	991	0.9910001	0.2282771	0.06798255	0.04962226	0.4087307	0.2978072	15
120	1096	1.096	0.3510069	0.04732201	0.1886952	0.5147843	0.1348179	0
121	8044	8.044001	0.3931524	0.09125781	0.1445761	0.6691543	0.2321182	0
122	44	0.044	0.3031944	0.03961514	0.224606	0.3887699	0.1306592	0
123	418	0.418	0.3340889	0.05028858	0.1829121	0.4603118	0.1505246	0
124	421	0.421	0.4957622	0.06576831	0.3214254	0.6475146	0.132661	0
125	426	0.426	0.2113806	0.0467867	0.05932286	0.3245035	0.2213386	16
126	6	0.006	0.3714674	0.03698286	0.3205859	0.4188044	0.09955881	0
127	1595	1.595	0.3113858	0.03780022	0.1898145	0.4889472	0.1213935	0
129	42	0.042	0.2831383	0.07537401	0.1127694	0.43121	0.2662092	0
131	16	0.016	0.4186645	0.03923902	0.3696485	0.5156238	0.09372426	0
132	4	0.004	0.3702315	0.08327985	0.2736686	0.4591925	0.2249399	0
133	1119	1.119	0.2596236	0.05142009	0.05503221	0.3959521	0.1980563	5
134	498	0.498	0.2852396	0.05322953	0.04738367	0.4239346	0.1866134	0
135	1004	1.004	0.1338367	0.03182576	2.158022e-07	0.2424216	0.2377955	1
136	422	0.422	0.1378971	0.03102621	0.04645092	0.2390637	0.2249954	5
137	62	0.062	0.1593948	0.03616399	0.07695182	0.2546406	0.226883	0
138	2	0.002	0.1766627	0.01622506	0.1651898	0.1881355	0.09184203	0
139	12	0.012	0.175559	0.02028193	0.1457887	0.2045519	0.1155277	0
140	728	0.728	0.1681683	0.07108418	0.02947488	0.3803752	0.4226967	0
141	346	0.346	0.09377468	0.02448283	0.03245971	0.1704133	0.2610815	0
142	87	0.087	0.3187076	0.0299575	0.2558531	0.4035074	0.09399685	0
143	638	0.638	0.241498	0.05166227	0.1213507	0.4026679	0.2139242	0
144	858	0.858	0.2029791	0.04510914	0.04421232	0.4082644	0.2222354	2
145	383	0.383	0.2809486	0.04625345	0.171999	0.4147004	0.1646332	0
146	287	0.287	0.146659	0.03664809	0.05633806	0.2814105	0.2498865	2
147	3269	3.269	0.2284592	0.03922266	0.08609276	0.462084	0.1716834	1
148	3285	3.285	0.3067637	0.08527771	0.1145416	0.6671023	0.2779915	0
149	212	0.212	0.2836966	0.04355675	0.08049627	0.3724468	0.1535329	0
151	249	0.249	0.451305	0.06586744	0.2552002	0.6047947	0.1459488	0
152	442	0.442	0.2033833	0.04948587	0.05251379	0.3565901	0.2433134	0
153	500	0.5	0.3570972	0.03451774	0.241209	0.4615244	0.09666201	0
154	41	0.041	0.3326389	0.1024988	0.1118366	0.5012595	0.3081382	0
155	69	0.06900001	0.4089038	0.03893533	0.3345772	0.5134785	0.09521879	0
156	73	0.07300001	0.4281895	0.03462602	0.3306596	0.4969688	0.08086613	0
157	400	0.4	0.3439169	0.03300618	0.2408359	0.448186	0.09597138	0
158	68	0.068	0.3075097	0.02918414	0.2423283	0.3766442	0.09490477	0
160	232	0.232	0.3269023	0.03231985	0.236825	0.4379258	0.09886698	0
161	188	0.188	0.4505873	0.1488851	0.1031621	0.7516094	0.3304244	0
162	730	0.73	0.1597119	0.03616048	0.05344657	0.2623824	0.2264106	0
163	564	0.564	0.3369311	0.0432904	0.1658428	0.4819516	0.1284844	0
164	29	0.029	0.3200489	0.02749795	0.2726426	0.3748719	0.08591799	0
165	40	0.04	0.3432471	0.03403821	0.2595841	0.3965117	0.09916531	0
166	841	0.841	0.2536057	0.04124858	0.1278799	0.3994965	0.1626485	0
1001	832	0.832	0.3840498	0.06742599	0.12247	0.573361	0.1755657	0
1002	339	0.339	0.4625086	0.08004876	0.08543984	0.6257815	0.1730752	0
1003	954	0.9540001	0.4230604	0.04238347	0.2865406	0.5573177	0.100183	0
1004	206	0.206	0.503011	0.06180516	0.3026772	0.6338032	0.1228704	0
1005	227	0.227	0.5750813	0.0806139	0.08068281	0.7866808	0.1401783	0
1006	96	0.096	0.5828955	0.04152063	0.4060258	0.6701804	0.07123169	0
1007	506	0.506	0.5499619	0.07185061	0.07909714	0.6627184	0.1306465	0
1008	1534	1.534	0.5427723	0.08637378	0.1236826	0.7301562	0.1591345	12
1009	1448	1.448	0.3734387	0.03579782	0.20763	0.4911858	0.09585995	1
1010	717	0.717	0.6262608	0.05889219	0.3217998	0.7951688	0.0940378	0
1011	877	0.877	0.6417528	0.06902899	0.2816903	0.7901319	0.1075632	1
1012	728	0.728	0.5805238	0.05759512	0.3213322	0.7370585	0.09921234	0
1013	330	0.33	0.3288573	0.03149105	0.2070704	0.4121819	0.09575903	7
1014	323	0.323	0.3861848	0.03853083	0.206604	0.5037779	0.09977304	0
1015	3169	3.169	0.3643462	0.04985571	0.1180861	0.5351183	0.1368361	118
1016	3780	3.78	0.3613465	0.06372603	0.07312755	0.5559186	0.1763571	55
1017	1418	1.418	0.3295852	0.03133186	0.1801139	0.4180582	0.09506454	0
1018	69	0.06900001	0.6172489	0.03106467	0.5476171	0.7024535	0.05032762	0
1019	3371	3.371	0.452954	0.07519274	0.159127	0.6952714	0.1660053	36
1020	3151	3.151	0.4332173	0.07647619	0.1132358	0.6833321	0.1765308	105
1021	820	0.8200001	0.3443955	0.04351433	0.2163978	0.4821381	0.1263499	0
1022	200	0.2	0.5872746	0.03880362	0.4313966	0.6867833	0.06607407	0
1023	5	0.005	0.5825206	0.02323832	0.5513481	0.6092719	0.0398927	0
1024	371	0.371	0.6457728	0.04741965	0.4031343	0.8259495	0.07343086	0
1025	5377	5.377	0.5790361	0.07829158	0.179461	0.7988998	0.1352102	14
1026	686	0.686	0.5664619	0.05378214	0.4056527	0.7270781	0.09494397	0
1027	1688	1.688	0.5233445	0.06711056	0.2425148	0.7105684	0.128234	4
1028	1281	1.281	0.5404733	0.06518216	0.2565993	0.7656939	0.120602	4
1029	1317	1.317	0.4210733	0.04227943	0.2875666	0.5664586	0.1004087	0
1030	38	0.038	0.6112773	0.03804227	0.5240186	0.67615	0.06223407	0
1031	299	0.299	0.6069053	0.03911302	0.4878279	0.6927529	0.06444666	0
1032	2226	2.226	0.4901918	0.06574776	1.660236e-06	0.7656939	0.1341266	19
1033	3023	3.023	0.4695358	0.07231721	1.761287e-06	0.7200825	0.1540185	22
1034	1690	1.69	0.5682117	0.0640608	0.2719897	0.7457325	0.1127411	1
1035	362	0.362	0.6024762	0.04324108	0.3395208	0.7385509	0.07177226	0
1036	1217	1.217	0.6106433	0.06601135	0.271057	0.742655	0.1081013	0
1037	2614	2.614	0.5491766	0.0774212	0.1269472	0.720269	0.1409769	9
1038	1495	1.495	0.6161331	0.07156084	0.2793584	0.8594352	0.1161451	0
1039	646	0.646	0.5983692	0.04812177	0.3614404	0.7136465	0.08042153	0
1040	1001	1.001	0.5726963	0.04971638	0.2520289	0.7057182	0.08681107	0
1041	694	0.694	0.3311078	0.03122241	0.2410224	0.4380191	0.09429681	0
1042	2897	2.897	0.3801585	0.07913902	9.635487e-07	0.6092719	0.2081737	40
1043	548	0.548	0.3261641	0.04988992	0.1796475	0.4915589	0.1529596	0
1044	1210	1.21	0.4107378	0.06569189	0.1354352	0.5769987	0.1599363	3
1045	296	0.296	0.3412839	0.04865661	0.2209683	0.4848431	0.1425693	0
1046	542	0.5420001	0.3042227	0.04401888	0.1847776	0.4439887	0.1446929	0
1047	79	0.079	0.3099963	0.0375286	0.1818861	0.3771105	0.1210615	0
1049	928	0.928	0.1961232	0.05525769	1.432158e-07	0.3407333	0.2817498	63
1050	39	0.039	0.3878133	0.03625244	0.2993193	0.4640428	0.09347909	0
1051	13637	13.637	0.5006741	0.1137554	0.1098779	0.8753852	0.2272044	0
1052	206	0.206	0.2761536	0.03666629	0.1503592	0.3645184	0.132775	0
1053	1151	1.151	0.5190815	0.05396437	0.2524952	0.7000279	0.1039613	0
1054	670	0.67	0.4286468	0.04510009	0.2614496	0.5447256	0.105215	0
1055	838	0.8380001	0.4633608	0.08740545	0.07853749	0.6344561	0.1886337	0
1056	51	0.051	0.4758595	0.04545395	0.3760845	0.6162675	0.09551968	0
1057	28383	28.383	0.317058	0.07593584	6.721357e-07	0.5905236	0.2395014	421
1058	102	0.102	0.2600854	0.03973365	0.1443896	0.3662907	0.1527715	3
1059	5248	5.248	0.2657431	0.05469724	5.344351e-07	0.4788735	0.2058275	20
1060	3140	3.14	0.2607324	0.05913108	1.222227e-07	0.4156331	0.2267883	1
1061	242	0.242	0.3742934	0.04599604	0.2547338	0.5254177	0.1228877	0
1062	3685	3.685	0.2804458	0.05595735	0.05092811	0.4868019	0.19953	0
1063	878	0.878	0.3777933	0.03737287	0.234773	0.4990209	0.09892414	0
1064	10410	10.41	0.3783962	0.0601894	0.2111744	0.6333368	0.1590645	0
1065	6319	6.319	0.272395	0.08513409	3.517237e-07	0.5486432	0.3125391	18
1066	1944	1.944	0.278736	0.03326821	0.1693873	0.3809348	0.1193538	0
1067	296	0.296	0.3410043	0.04380443	0.2038057	0.4724375	0.1284571	0
1068	933	0.933	0.3209058	0.03565859	0.2077233	0.4337284	0.1111186	0
1069	3954	3.954	0.4296979	0.0605197	0.1705066	0.6173868	0.1408424	0
1070	326	0.326	0.4639595	0.06074123	0.1466282	0.6098315	0.1309193	0
1071	123	0.123	0.3479201	0.06226339	0.2141593	0.4830709	0.1789589	0
1072	5625	5.625	0.3651564	0.06026358	0.1202314	0.6349224	0.165035	0
1073	951	0.951	0.417179	0.04169039	0.2664865	0.5471507	0.09993406	0
1074	152	0.152	0.4447907	0.03411292	0.3453038	0.5326931	0.07669431	0
1075	271	0.271	0.440275	0.05542745	0.2340268	0.5962133	0.1258928	0
1076	472	0.472	0.4846497	0.0430456	0.3635857	0.6092719	0.08881795	0
1077	790	0.79	0.3671269	0.04230821	0.2222742	0.5002335	0.1152414	0
1078	991	0.9910001	0.4093804	0.04935617	0.1620186	0.557411	0.1205631	0
1079	133	0.133	0.4030697	0.05500539	0.2418619	0.5493894	0.1364662	0
1080	1388	1.388	0.3959155	0.03539444	0.2607034	0.496689	0.08939896	0
1081	4241	4.241	0.5109342	0.07077751	0.1141685	0.6988158	0.1385257	24
1082	2496	2.496	0.4615729	0.06560695	0.1014831	0.674098	0.1421378	18
1083	560	0.56	0.342823	0.04665329	0.1728384	0.4568606	0.1360857	0
1084	55	0.055	0.3680053	0.03417495	0.3014646	0.4465071	0.09286537	0
1085	2016	2.016	0.4078095	0.05308303	0.2438207	0.604235	0.1301663	0
1086	160	0.16	0.3377731	0.04797538	0.184218	0.4772878	0.1420344	0
1087	264	0.264	0.4101779	0.0360671	0.171999	0.4878279	0.08793037	0
1088	356	0.356	0.4384474	0.03060044	0.3356965	0.5266303	0.06979271	0
1089	2940	2.94	0.2731146	0.1198581	0.03115383	0.5927622	0.4388566	0
1090	61	0.061	0.3310725	0.05171498	0.2205019	0.4604983	0.1562044	0
1091	23236	23.236	0.2970139	0.0831414	0.04225354	0.5798903	0.2799243	715
1092	171	0.171	0.3166635	0.03450092	0.227311	0.3975378	0.1089514	0
1093	209	0.209	0.3055124	0.03166705	0.2057645	0.4220691	0.1036522	0
1094	2	0.002	0.3298668	0.03818814	0.3028637	0.3568699	0.1157684	0
1095	503	0.503	0.2804596	0.0284099	0.1983025	0.3751518	0.1012977	0
1096	20	0.02	0.2174612	0.02963589	0.151665	0.287007	0.1362813	0
1097	206	0.206	0.3831079	0.03526843	0.2861675	0.4923984	0.09205875	0
1098	462	0.462	0.3257003	0.03242921	0.2330008	0.4076115	0.09956765	0
1099	2442	2.442	0.2275815	0.0614415	0.06986292	0.3949261	0.2699758	0
1100	1376	1.376	0.2300214	0.03460795	0.1283463	0.3519263	0.1504554	0
1101	160	0.16	0.3463951	0.02874671	0.2827163	0.4418434	0.08298821	0
1102	49	0.049	0.2720678	0.03246978	0.1864566	0.3195599	0.1193445	0
1103	130	0.13	0.296254	0.02877652	0.2177037	0.3728199	0.09713461	0
1104	2752	2.752	0.283111	0.05990972	0.08907787	0.4529431	0.2116121	0
1105	142	0.142	0.2991741	0.04271015	0.2091224	0.4002427	0.1427602	0
1106	452	0.452	0.2895811	0.04066412	0.1714393	0.3887699	0.1404239	0
1107	1041	1.041	0.3068318	0.038344	0.1982092	0.4238413	0.1249675	0
1108	2	0.002	0.3585488	0.03033945	0.3370956	0.3800021	0.08461735	0
1109	301	0.301	0.2274331	0.04776302	0.1079191	0.3841994	0.2100091	0
1110	509	0.509	0.2274666	0.05143999	0.038336	0.4163793	0.2261431	4
1111	207	0.207	0.229984	0.03358136	0.1391662	0.3125643	0.1460161	0
1112	906	0.906	0.1735416	0.03142272	0.04589127	0.2700309	0.1810674	10
1113	1326	1.326	0.2221165	0.04312448	0.09467406	0.3613471	0.1941525	0
1114	1211	1.211	0.1526588	0.03423174	0.04272002	0.2861675	0.224237	11
1115	2019	2.019	0.2482343	0.03966052	0.1226565	0.3887699	0.1597705	0
1116	3994	3.994	0.1562754	0.03552591	0.04691729	0.2782391	0.2273288	3
1117	308	0.308	0.1933114	0.02882685	0.1021361	0.3245035	0.1491213	0
1118	186	0.186	0.2641662	0.03480902	0.1875759	0.3663839	0.1317694	0
1119	955	0.955	0.2428709	0.1028444	2.334151e-07	0.5187019	0.4234532	22
1120	920	0.92	0.4041698	0.05465091	0.1733048	0.5683241	0.1352177	0
1121	7671	7.671	0.4652969	0.09276872	0.2058578	0.7213883	0.1993753	0
1122	41	0.041	0.2868841	0.04474588	0.1980227	0.3900758	0.155972	0
1123	422	0.422	0.4062566	0.05810804	0.2665797	0.5868859	0.1430329	0
1124	380	0.38	0.513629	0.07089116	0.3190936	0.650033	0.1380202	0
1125	381	0.381	0.2496762	0.07257524	0.0643597	0.3972579	0.2906774	15
1126	16	0.016	0.3887582	0.04515701	0.3344839	0.513292	0.1161571	0
1127	1499	1.499	0.3739586	0.04877083	0.1924262	0.5546128	0.1304177	0
1129	39	0.039	0.3136453	0.04952923	0.2358923	0.4311167	0.1579148	0
1131	11	0.011	0.434339	0.05715498	0.3410132	0.5001402	0.1315907	0
1132	5	0.005	0.466953	0.05800695	0.4066787	0.5409014	0.1242244	0
1133	1018	1.018	0.308625	0.0659355	0.05176759	0.4748627	0.2136428	0
1134	470	0.47	0.3605689	0.06261739	0.06137491	0.4709451	0.1736628	0
1135	934	0.934	0.1869911	0.0408714	0.07434012	0.3208658	0.218574	1
1136	342	0.342	0.1485724	0.03602988	0.02732955	0.2365452	0.2425073	11
1137	121	0.121	0.2363903	0.02946865	0.1693873	0.2962412	0.124661	0
1139	10	0.01	0.1776607	0.02897444	0.1347823	0.2393433	0.1630886	0
1140	660	0.66	0.1589619	0.07276598	0.03712342	0.4420299	0.4577573	0
1141	354	0.354	0.1030533	0.02620756	0.0293816	0.1654697	0.2543108	0
1142	89	0.089	0.3645091	0.04677202	0.2492306	0.4895068	0.1283151	0
1143	659	0.659	0.3089912	0.06135211	0.1550229	0.4609647	0.1985562	0
1144	842	0.8420001	0.2569048	0.05758901	0.08441381	0.5112399	0.2241648	0
1145	379	0.379	0.3207621	0.04097431	0.2180768	0.4626437	0.1277405	0
1146	269	0.269	0.223063	0.04041174	0.1097846	0.3457702	0.1811674	0
1147	3048	3.048	0.2740351	0.04272321	0.1517583	0.486522	0.1559041	1
1148	3436	3.436	0.3687469	0.1042389	0.0677176	0.7559	0.2826843	0
1149	201	0.201	0.3107721	0.04043998	0.0956068	0.4034141	0.1301274	0
1151	214	0.214	0.5423297	0.0488391	0.3867179	0.6908875	0.09005427	0
1152	368	0.368	0.2284999	0.04516024	0.1225633	0.3400804	0.1976378	0
1153	516	0.516	0.4295874	0.03330637	0.3384015	0.5701897	0.07753107	0
1154	33	0.033	0.4099151	0.1113986	0.08758516	0.5969596	0.2717602	0
1155	111	0.111	0.4748601	0.03542213	0.3770173	0.5618882	0.07459487	0
1156	121	0.121	0.4778328	0.06524684	0.2468055	0.6010637	0.1365474	0
1157	388	0.388	0.3729025	0.03617208	0.284302	0.4958495	0.09700145	0
1158	60	0.06	0.3288159	0.04200983	0.2520289	0.4470668	0.1277609	0
1160	228	0.228	0.3697496	0.03905875	0.2637815	0.4742098	0.1056357	0
1161	137	0.137	0.4993424	0.1564828	0.08338779	0.7987133	0.3133777	0
1162	910	0.91	0.1903978	0.0414588	0.08814481	0.3061283	0.2177482	0
1163	827	0.827	0.3675889	0.04462301	0.1697604	0.5095609	0.1213938	0
1164	32	0.032	0.3615541	0.03895398	0.2727359	0.4645092	0.1077404	0
1165	25	0.025	0.3624515	0.03619002	0.2830894	0.4289714	0.09984788	0
1166	858	0.858	0.3401789	0.04257364	0.1945715	0.479713	0.1251508	0
